13 11 1 unsafe move to 2 5, 2 4 instead of 3 6
.............
.X.X.X.X.X.X.
.............
.X.X.X.X.X.X.
.0...........
.X.X.X.X.X1X.
10...........
.X.X.X.X.X.X.
...........0.
.X.X.X.X.X.X.
...2.........
12
0 0 8 8 0 6
0 1 2 6 5 5
0 2 0 10 2 6
0 3 8 2 2 5
1 1 1 2 2 5
1 1 2 3 4 5
1 0 10 8 7 6
1 3 6 2 7 5
1 2 0 10 8 6
1 3 7 2 8 5
2 0 12 8 1 1
2 0 9 10 2 2
.............
.X.X.X.X.X.X.
.............
.X.X.X.X.X.X.
.0...........
.X.X.X.X.X1X.
10...........
.X.X.X.X.X.X.
...........0.
.X.X.X.X.X.X.
...2.........
13
0 0 7 8 0 6
0 1 2 5 5 5
0 2 0 9 2 6
0 3 8 3 1 5
1 1 1 2 1 5
1 1 2 3 3 5
1 0 10 8 6 6
1 3 6 2 6 5
1 2 0 10 7 6
1 3 7 2 7 5
1 3 8 2 8 5
2 0 12 8 1 1
2 0 9 10 2 2