13 11 0
..1..000..1..
.X.X.X0X.X.X.
.0..11111..0.
1X2X.X.X.X2X1
.02.22.22.20.
.X.X.X.X.X.X.
.02.22.22.20.
1X2X.X.X.X2X1
.0..11111..0.
.X.X.X0X.X.X.
..1..000..1..
2
0 0 0 1 1 3
0 1 12 10 1 3
..1..000..1..
.X.X.X0X.X.X.
.0..11111..0.
1X2X.X.X.X2X1
.02.22.22.20.
.X.X.X.X.X.X.
.02.22.22.20.
1X2X.X.X.X2X1
.0..11111..0.
.X.X.X0X.X.X.
..1..000..1..
2
0 0 0 0 1 3
0 1 12 9 1 3
..1..000..1..
.X.X.X0X.X.X.
.0..11111..0.
1X2X.X.X.X2X1
.02.22.22.20.
.X.X.X.X.X.X.
.02.22.22.20.
1X2X.X.X.X2X1
.0..11111..0.
.X.X.X0X.X.X.
..1..000..1..
2
0 0 0 0 1 3
0 1 12 8 1 3
..1..000..1..
.X.X.X0X.X.X.
.0..11111..0.
1X2X.X.X.X2X1
.02.22.22.20.
.X.X.X.X.X.X.
.02.22.22.20.
1X2X.X.X.X2X1
.0..11111..0.
.X.X.X0X.X.X.
..1..000..1..
3
0 0 0 0 1 3
0 1 12 9 0 3
1 1 12 8 8 3
......1......
.X.X.X.X.X.X.
.2.2.....2.2.
.X.X0X.X0X.X.
0..1.202.1..0
.X.X0X.X0X.X.
.....2.2.....
.X.X.X.X0X.X.
.............
.X.X.X.X.X.X.
.............
9
0 0 0 0 1 3
0 1 7 8 3 5
1 1 6 8 2 5
1 1 6 6 6 5
2 0 10 3 1 1
2 0 9 6 1 1
2 0 6 10 1 1
2 0 2 3 1 1
2 0 3 6 1 1
......1......
.X.X.X.X.X.X.
.2.2.....2.2.
.X.X0X.X0X.X.
0..1.202.1..0
.X.X0X.X0X.X.
.....2.2.....
.X.X.X.X0X.X.
.............
.X.X.X.X.X.X.
.............
9
0 0 0 0 1 3
0 1 7 8 3 5
1 1 6 8 1 5
1 1 6 6 5 5
2 0 10 3 1 1
2 0 9 6 1 1
2 0 6 10 1 1
2 0 2 3 1 1
2 0 3 6 1 1