13 11 1 why max changed 7 8 -> 11 6? because max is changing between safety/item/bomb constantly
..2220.0222..
.X.X1X.X1X.X.
2..012.210..2
1X.X0X.X0X.X1
.1.........1.
.X.X.X.X.X.X.
.1...1.......
1X.X0X.X.X.X1
2..012.......
.X.X1X.X.X.X.
..2220.02....
11
0 0 0 0 1 3
0 1 10 8 2 5
0 2 11 0 1 3
0 3 0 9 1 3
1 1 9 10 1 5
1 1 12 8 6 5
2 0 11 6 1 1
2 0 5 4 1 1
2 0 7 4 1 1
2 0 7 8 2 2
2 0 8 9 1 1
..2220.0222..
.X.X1X.X1X.X.
2..012.210..2
1X.X0X.X0X.X1
.1.........1.
.X.X.X.X.X.X.
.1...1.......
1X.X0X.X.X.X1
2..012.......
.X.X1X.X.X.X.
..2220.0.....
11
0 0 0 0 1 3
0 1 9 8 3 5
0 2 11 0 1 3
0 3 0 9 1 3
1 1 12 8 5 5
2 0 11 6 1 1
2 0 5 4 1 1
2 0 7 4 1 1
2 0 7 8 2 2
2 0 8 9 1 1
2 0 8 10 2 2
