13 11 0
.....01011...
.X.X.X.X.X2X.
...012.21010.
.X0X1X.X1X0X.
..2.22222.2.0
.X.X.X0X.X.X.
0.2.22222.2.0
.X0X1X.X1X0X.
.01012.210.0.
.X2X.X.X.X.X.
...11010.....
8
0 0 9 10 0 4
0 1 2 2 1 5
1 0 12 7 3 4
1 1 0 4 4 4
1 0 11 10 7 4
2 1 10 8 1 1
2 1 8 10 1 1
2 1 4 0 1 1
.....01011...
.X.X.X.X.X2X.
...012.21010.
.X0X1X.X1X0X.
..2.22222.2.0
.X.X.X0X.X.X.
0.2.22222.2.0
.X0X1X.X1X0X.
.01012.210.0.
.X2X.X.X.X.X.
...11010.....
8
0 0 10 10 0 4
0 1 2 1 1 5
1 0 12 7 2 4
1 1 0 4 3 4
1 0 11 10 6 4
2 1 10 8 1 1
2 1 8 10 1 1
2 1 4 0 1 1